0.00899281 0
0.0629496 0
0.142086 0
0.239209 0.0238095
0.358813 0.0357143
0.455935 0.0833333
0.565647 0.154762
0.646583 0.22619
0.726619 0.261905
0.773381 0.345238
0.82464 0.392857
0.855216 0.440476
0.881295 0.464286
0.909173 0.52381
0.926259 0.547619
0.945144 0.607143
0.955935 0.678571
0.967626 0.72619
0.976619 0.75
0.981115 0.77381
0.982014 0.797619
0.985611 0.797619
0.988309 0.821429
0.991906 0.845238
0.992806 0.857143
0.993705 0.892857
0.994604 0.904762
0.996403 0.904762
0.998201 0.916667
0.998201 0.916667
0.998201 0.928571
0.998201 0.940476
0.998201 0.964286
0.998201 0.964286
0.998201 0.964286
0.999101 0.964286
0.999101 0.964286
0.999101 0.964286
0.999101 0.964286
0.999101 0.964286
0.999101 0.964286
0.999101 0.964286
0.999101 0.964286
0.999101 0.964286
0.999101 0.964286
0.999101 0.97619
0.999101 0.97619
0.999101 0.97619
0.999101 0.988095
0.999101 0.988095
0.999101 1
0.999101 1
