0 3 2199 460 220 47.8261 
0 5 1646 379 189 49.8681 
0 7 1225 287 143 49.8258 
0 9 836 214 109 50.9346 
0 11 493 112 65 58.0357 
0 13 260 61 33 54.0984 
0 15 105 20 12 60 
40000 3 2198 460 220 47.8261 
40000 5 1646 379 189 49.8681 
40000 7 1225 287 143 49.8258 
40000 9 836 214 109 50.9346 
40000 11 493 112 65 58.0357 
40000 13 260 61 33 54.0984 
40000 15 105 20 12 60 
400000 3 2164 457 218 47.7024 
400000 5 1641 378 188 49.7354 
400000 7 1225 287 143 49.8258 
400000 9 836 214 109 50.9346 
400000 11 493 112 65 58.0357 
400000 13 260 61 33 54.0984 
400000 15 105 20 12 60 
4e+06 3 1847 408 186 45.5882 
4e+06 5 1551 358 167 46.648 
4e+06 7 1188 277 135 48.7365 
4e+06 9 817 207 104 50.2415 
4e+06 11 488 112 64 57.1429 
4e+06 13 258 61 33 54.0984 
4e+06 15 105 20 12 60 
8e+06 3 1647 368 164 44.5652 
8e+06 5 1483 342 155 45.3216 
8e+06 7 1154 268 128 47.7612 
8e+06 9 804 202 101 50 
8e+06 11 483 111 63 56.7568 
8e+06 13 257 61 33 54.0984 
8e+06 15 105 20 12 60 
1.2e+07 3 1503 346 151 43.6416 
1.2e+07 5 1412 324 147 45.3704 
1.2e+07 7 1126 263 123 46.7681 
1.2e+07 9 792 199 98 49.2462 
1.2e+07 11 477 109 62 56.8807 
1.2e+07 13 253 60 32 53.3333 
1.2e+07 15 103 20 11 55 
1.6e+07 3 1412 328 142 43.2927 
1.6e+07 5 1350 314 138 43.949 
1.6e+07 7 1102 254 115 45.2756 
1.6e+07 9 776 196 92 46.9388 
1.6e+07 11 468 109 58 53.211 
1.6e+07 13 247 60 28 46.6667 
1.6e+07 15 102 20 10 50 
