0 3 2174 1182 749 63.3672 
0 5 1640 926 625 67.4946 
0 7 1225 695 496 71.3669 
0 9 836 502 373 74.3028 
0 11 493 283 227 80.212 
0 13 260 132 105 79.5455 
0 15 105 47 38 80.8511 
40000 3 2173 1180 749 63.4746 
40000 5 1640 925 625 67.5676 
40000 7 1225 695 496 71.3669 
40000 9 836 502 373 74.3028 
40000 11 493 283 227 80.212 
40000 13 260 132 105 79.5455 
40000 15 105 47 38 80.8511 
400000 3 2139 1169 738 63.1309 
400000 5 1635 922 622 67.462 
400000 7 1225 695 496 71.3669 
400000 9 836 502 373 74.3028 
400000 11 493 283 227 80.212 
400000 13 260 132 105 79.5455 
400000 15 105 47 38 80.8511 
4e+06 3 1834 1001 646 64.5355 
4e+06 5 1547 864 576 66.6667 
4e+06 7 1188 678 476 70.2065 
4e+06 9 817 493 360 73.0223 
4e+06 11 488 281 224 79.7153 
4e+06 13 258 132 103 78.0303 
4e+06 15 105 47 38 80.8511 
8e+06 3 1638 905 574 63.4254 
8e+06 5 1479 828 540 65.2174 
8e+06 7 1154 663 458 69.0799 
8e+06 9 804 486 349 71.8107 
8e+06 11 483 280 220 78.5714 
8e+06 13 257 132 102 77.2727 
8e+06 15 105 47 38 80.8511 
1.2e+07 3 1498 834 526 63.0695 
1.2e+07 5 1409 790 507 64.1772 
1.2e+07 7 1126 642 438 68.2243 
1.2e+07 9 792 475 339 71.3684 
1.2e+07 11 477 276 215 77.8986 
1.2e+07 13 253 130 99 76.1538 
1.2e+07 15 103 47 37 78.7234 
1.6e+07 3 1408 793 492 62.0429 
1.6e+07 5 1347 763 481 63.0406 
1.6e+07 7 1102 631 425 67.3534 
1.6e+07 9 776 467 328 70.2355 
1.6e+07 11 468 273 208 76.1905 
1.6e+07 13 247 129 95 73.6434 
1.6e+07 15 102 46 36 78.2609 
