0.00269784 0
0.0116906 0
0.0359712 0
0.0719424 0
0.105216 0
0.138489 0
0.176259 0
0.223921 0
0.272482 0.0119048
0.321942 0.0119048
0.358813 0.0238095
0.399281 0.047619
0.438849 0.0714286
0.482914 0.0833333
0.519784 0.0952381
0.554856 0.130952
0.590827 0.154762
0.624101 0.166667
0.646583 0.178571
0.667266 0.214286
0.692446 0.25
0.720324 0.261905
0.741007 0.261905
0.76259 0.27381
0.779676 0.285714
0.806655 0.309524
0.820144 0.321429
0.839029 0.345238
0.84982 0.369048
0.86241 0.380952
0.871403 0.392857
0.883094 0.404762
0.889389 0.404762
0.901978 0.404762
0.909173 0.416667
0.915468 0.416667
0.919964 0.440476
0.926259 0.47619
0.932554 0.488095
0.667266 0.214286
0.86241 0.380952
0.93705 0.511905
0.964928 0.654762
0.984712 0.75
0.992806 0.821429
0.997302 0.869048
0.998201 0.928571
0.999101 0.928571
0.999101 0.97619
