0 3 604 336 97 28.869 
0 5 506 273 76 27.8388 
0 7 387 171 44 25.731 
0 9 235 87 25 28.7356 
0 11 103 32 8 25 
0 13 38 8 2 25 
0 15 5 2 0 0 
40000 3 600 335 97 28.9552 
40000 5 505 273 76 27.8388 
40000 7 386 171 44 25.731 
40000 9 235 87 25 28.7356 
40000 11 103 32 8 25 
40000 13 38 8 2 25 
40000 15 5 2 0 0 
400000 3 583 326 97 29.7546 
400000 5 500 268 76 28.3582 
400000 7 383 170 44 25.8824 
400000 9 235 87 25 28.7356 
400000 11 103 32 8 25 
400000 13 38 8 2 25 
400000 15 5 2 0 0 
4e+06 3 463 248 78 31.4516 
4e+06 5 428 215 66 30.6977 
4e+06 7 334 141 43 30.4965 
4e+06 9 214 78 24 30.7692 
4e+06 11 99 32 8 25 
4e+06 13 38 8 2 25 
4e+06 15 5 2 0 0 
8e+06 3 402 218 70 32.1101 
8e+06 5 375 193 60 31.0881 
8e+06 7 303 126 40 31.746 
8e+06 9 194 71 21 29.5775 
8e+06 11 94 30 8 26.6667 
8e+06 13 37 8 2 25 
8e+06 15 5 2 0 0 
1.2e+07 3 345 188 58 30.8511 
1.2e+07 5 326 172 51 29.6512 
1.2e+07 7 271 120 37 30.8333 
1.2e+07 9 175 69 20 28.9855 
1.2e+07 11 91 28 8 28.5714 
1.2e+07 13 36 8 2 25 
1.2e+07 15 5 2 0 0 
1.6e+07 3 317 169 54 31.9527 
1.6e+07 5 300 160 48 30 
1.6e+07 7 249 112 34 30.3571 
1.6e+07 9 161 64 18 28.125 
1.6e+07 11 87 27 8 29.6296 
1.6e+07 13 34 8 2 25 
1.6e+07 15 5 2 0 0 
