0 3 686 545 209 38.3486 
0 5 574 482 183 37.9668 
0 7 443 379 142 37.467 
0 9 269 232 91 39.2241 
0 11 112 108 43 39.8148 
0 13 38 29 14 48.2759 
0 15 5 6 2 40 
40000 3 682 544 208 38.2353 
40000 5 573 482 183 37.9668 
40000 7 442 379 142 37.467 
40000 9 269 232 91 39.2241 
40000 11 112 108 43 39.8148 
40000 13 38 29 14 48.2759 
40000 15 5 6 2 40 
400000 3 662 532 208 39.0977 
400000 5 567 481 183 38.0457 
400000 7 438 379 142 37.467 
400000 9 269 232 91 39.2241 
400000 11 112 108 43 39.8148 
400000 13 38 29 14 48.2759 
400000 15 5 6 2 40 
4e+06 3 534 457 180 39.3873 
4e+06 5 492 423 164 38.7707 
4e+06 7 388 344 134 38.9535 
4e+06 9 248 215 89 41.3953 
4e+06 11 108 100 42 42 
4e+06 13 38 27 14 51.8519 
4e+06 15 5 6 2 40 
8e+06 3 468 399 161 40.3509 
8e+06 5 437 383 152 39.6867 
8e+06 7 356 317 126 39.7476 
8e+06 9 227 206 86 41.7476 
8e+06 11 102 98 42 42.8571 
8e+06 13 37 26 14 53.8462 
8e+06 15 5 6 2 40 
1.2e+07 3 405 366 143 39.071 
1.2e+07 5 384 351 134 38.1766 
1.2e+07 7 322 298 115 38.5906 
1.2e+07 9 206 199 80 40.201 
1.2e+07 11 98 95 42 44.2105 
1.2e+07 13 36 25 14 56 
1.2e+07 15 5 6 2 40 
1.6e+07 3 373 343 133 38.7755 
1.6e+07 5 355 331 125 37.7644 
1.6e+07 7 298 284 107 37.6761 
1.6e+07 9 191 192 73 38.2199 
1.6e+07 11 94 94 41 43.617 
1.6e+07 13 34 25 14 56 
1.6e+07 15 5 6 2 40 
